SIZES
  narena                14680064
  nbuffer               427168
  nplugin               0
  maxuse_stack          10096
  maxuse_arena          42152
  maxuse_con            4
  maxuse_efc            52
  solver_nisland        1
  ne                    0
  nf                    12
  nl                    0
  nefc                  32
  nnzJ                  576
  ncon                  2
  nisland               0
  threadpool            0

TIMER
    0:  duration =  0.068      number = 1
    1:  duration =  0.064      number = 1
    2:  duration =  0.0017     number = 1
    3:  duration =  0.046      number = 1
    4:  duration =  0.0023     number = 1
    5:  duration =  0.00084    number = 1
    6:  duration =  0.012      number = 2
    7:  duration =  0.0014     number = 1
    8:  duration =  0.0061     number = 1
    9:  duration =  0.0019     number = 1
    10:  duration =  0.033      number = 1
    11:  duration =  0.0045     number = 1
    12:  duration =  0.00011    number = 1
    13:  duration =  0.0071     number = 1
    14:  duration =  0.01       number = 1

SOLVER STAT
  solver_nisland = 1
  solver_fwdinv =   1.8e-15   6.1e-14 
  ISLAND 0
    solver_niter = 2
    solver_nnz = 324
      0:  improvement =  1.3         gradient =  0.00036     lineslope =  4.7e-18 
          nactive = 28   nchange = 1   neval = 3   nupdate = 1
      1:  improvement =  7.6e-06     gradient =  5.3e-17     lineslope =  0       
          nactive = 28   nchange = 0   neval = 2   nupdate = 0

ENERGY =   0         0       

TIME =  0.31    

QPOS
   0.41    
  -0.00068 
   0.3     
   1       
   0.0023  
  -0.0049  
  -0.0039  
   0.043   
   1.1     
  -1.6     
  -0.058   
   1.2     
  -1.5     
  -0.028   
   1       
  -1.7     
   0.016   
   1       
  -1.7     

QVEL
   1.5     
   0.09    
  -0.53    
  -0.25    
  -0.49    
   0.21    
   1.1     
   0.16    
  -2.4     
  -2.1     
   0.7     
  -2.1     
  -0.78    
   0.0092  
   0.57    
   0.025   
  -0.082   
   0.48    

QACC_WARMSTART
  -3       
  -0.24    
  -4.2     
  -3.8     
   8.8     
   2.8     
  -68      
  -4.5e+02 
   2.1e+02 
   66      
  -3.7e+02 
   76      
   30      
  -9.4     
   57      
   31      
  -8.7     
   1.1e+02 

CTRL
  -1.2     
  -6.9     
  -5.8     
  -1.3     
  -8.8     
  -5.5     
   0.22    
   0.38    
   1.8     
  -0.76    
   0.62    
   1.6     

QFRC_APPLIED
   0       
   0       
   0       
   0       
   0       
   0       
   0       
   0       
   0       
   0       
   0       
   0       
   0       
   0       
   0       
   0       
   0       
   0       

XFRC_APPLIED
   0         0         0         0         0         0       
   0         0         0         0         0         0       
   0         0         0         0         0         0       
   0         0         0         0         0         0       
   0         0         0         0         0         0       
   0         0         0         0         0         0       
   0         0         0         0         0         0       
   0         0         0         0         0         0       
   0         0         0         0         0         0       
   0         0         0         0         0         0       
   0         0         0         0         0         0       
   0         0         0         0         0         0       
   0         0         0         0         0         0       
   0         0         0         0         0         0       

QACC
  -3       
  -0.24    
  -4.2     
  -3.8     
   8.8     
   2.8     
  -68      
  -4.5e+02 
   2.1e+02 
   66      
  -3.7e+02 
   76      
   30      
  -9.4     
   57      
   31      
  -8.7     
   1.1e+02 

SENSOR
   0       
   0.49    
   0.15    
   0.022   
   1.3     
   0.57    
   0.36    
   0       
   0.46    
  -0.15    
   0.022   
   1.2     
  -0.72    
   0.46    
   0       
   0.14    
   0.14    
   0.031   
   1.6     
  -0.3     
  -0.75    
   0       
   0.14    
  -0.13    
   0.03    
   1.8     
  -0.062   
  -0.54    

XPOS
   0         0         0       
   0.39     -0.0018    0.31    
   0.58      0.043     0.31    
   0.58      0.14      0.31    
   0.39      0.14      0.21    
   0.58     -0.05      0.31    
   0.58     -0.15      0.31    
   0.38     -0.15      0.22    
   0.19      0.047     0.31    
   0.19      0.14      0.3     
   0.011     0.14      0.2     
   0.19     -0.046     0.3     
   0.19     -0.14      0.3     
   0.0075   -0.14      0.19    

XQUAT
   1         0         0         0       
   1         0.0039   -0.0018   -0.0052  
   1         0.018    -0.0019   -0.0052  
   0.86      0.018     0.52      0.005   
   0.97      0.017    -0.23     -0.0092  
   1        -0.013    -0.0017   -0.0052  
   0.84     -0.0077    0.54     -0.011   
   0.98     -0.013    -0.18     -0.0029  
   1        -0.0055   -0.0018   -0.0052  
   0.87     -0.0022    0.5      -0.0073  
   0.94     -0.0069   -0.33     -0.0031  
   1         0.012    -0.0019   -0.0052  
   0.87      0.013     0.5       0.0014  
   0.94      0.0094   -0.33     -0.0088  

XMAT
   1         0         0         0         1         0         0         0         1       
   1         0.01     -0.0037   -0.01      1        -0.0077    0.0036    0.0078    1       
   1         0.01     -0.004    -0.01      1        -0.036     0.0036    0.036     1       
   0.46      0.01      0.89      0.028     1        -0.026    -0.88      0.036     0.46    
   0.89      0.01     -0.45     -0.026     1        -0.028     0.45      0.036     0.89    
   1         0.01     -0.0033   -0.01      1         0.025     0.0036   -0.025     1       
   0.42      0.01      0.91     -0.027     1         0.00085  -0.91     -0.025     0.42    
   0.94      0.01     -0.35     -0.00093   1         0.027     0.35     -0.025     0.93    
   1         0.01     -0.0035   -0.01      1         0.011     0.0036   -0.011     1       
   0.51      0.01      0.86     -0.015     1        -0.0035   -0.86     -0.011     0.51    
   0.78      0.01     -0.62     -0.0013    1         0.015     0.62     -0.011     0.78    
   1         0.01     -0.0038   -0.01      1        -0.024     0.0036    0.024     1       
   0.5       0.01      0.86      0.015     1        -0.021    -0.86      0.024     0.5     
   0.78      0.01     -0.62     -0.023     1        -0.012     0.62      0.024     0.78    

XIPOS
   0         0         0       
   0.41     -0.002     0.3     
   0.57      0.045     0.31    
   0.55      0.12      0.3     
   0.46      0.15      0.088   
   0.57     -0.052     0.31    
   0.55     -0.12      0.3     
   0.44     -0.15      0.09    
   0.2       0.049     0.31    
   0.16      0.12      0.29    
   0.1       0.14      0.09    
   0.2      -0.048     0.3     
   0.16     -0.12      0.29    
   0.1      -0.14      0.088   

XIMAT
   1         0         0         0         1         0         0         0         1       
   0.014    -0.012     1        -0.011    -1        -0.012     1        -0.011    -0.014   
   0.0028    0.0055    1         1        -0.032    -0.0026    0.032     1        -0.0056  
   0.3      -0.32      0.9       0.92      0.35     -0.19     -0.25      0.88      0.4     
   0.015    -0.89     -0.45      1         0.036    -0.036     0.049    -0.45      0.89    
   0.018     0.006     1         1         0.02     -0.018    -0.02      1        -0.0057  
  -0.27     -0.28      0.92      0.92     -0.35      0.16      0.28      0.89      0.35    
   0.0041   -0.93     -0.36      1        -0.0093    0.036    -0.037    -0.36      0.93    
   0.018    -0.013     1         1         0.016    -0.018    -0.016     1         0.013   
   0.32     -0.36      0.88      0.91      0.39     -0.17     -0.28      0.85      0.45    
   0.013    -0.78     -0.63      1         0.011     0.0066    0.0021   -0.63      0.78    
   0.0028   -0.013     1         1        -0.028    -0.0032    0.029     1         0.013   
  -0.3      -0.37      0.88      0.91     -0.39      0.14      0.29      0.84      0.45    
   0.0077   -0.78     -0.63      1         0.013    -0.0034    0.011    -0.63      0.78    

XANCHOR
   0.39     -0.0018    0.31    
   0.58      0.043     0.31    
   0.58      0.14      0.31    
   0.39      0.14      0.21    
   0.58     -0.05      0.31    
   0.58     -0.15      0.31    
   0.38     -0.15      0.22    
   0.19      0.047     0.31    
   0.19      0.14      0.3     
   0.011     0.14      0.2     
   0.19     -0.046     0.3     
   0.19     -0.14      0.3     
   0.0075   -0.14      0.19    

XAXIS
   0         0         1       
   1        -0.01      0.0036  
   0.01      1         0.036   
   0.01      1         0.036   
   1        -0.01      0.0036  
   0.01      1        -0.025   
   0.01      1        -0.025   
   1        -0.01      0.0036  
   0.01      1        -0.011   
   0.01      1        -0.011   
   1        -0.01      0.0036  
   0.01      1         0.024   
   0.01      1         0.024   

GEOM_XPOS
   0         0         0       
   0.68     -0.0046    0.24    
   0.68     -0.0046    0.25    
   0.71     -0.0057    0.34    
   0.44      0.0052    0.34    
   0.46     -0.0032    0.31    
   0.39     -0.0018    0.31    
   0.67     -0.0049    0.32    
   0.68     -0.0044    0.25    
   0.56      0.039     0.31    
   0.56      0.053     0.31    
   0.58      0.12      0.31    
   0.54      0.12      0.29    
   0.59      0.12      0.32    
   0.49      0.14      0.26    
   0.46      0.15      0.1     
   0.49      0.15      0.014   
   0.43      0.15      0.16    
   0.48      0.15      0.088   
   0.49      0.15      0.014   
   0.49      0.15      0.02    
   0.56     -0.046     0.31    
   0.56     -0.06      0.31    
   0.58     -0.13      0.31    
   0.54     -0.13      0.29    
   0.59     -0.12      0.32    
   0.48     -0.15      0.26    
   0.44     -0.15      0.1     
   0.46     -0.15      0.014   
   0.41     -0.15      0.17    
   0.46     -0.15      0.089   
   0.46     -0.15      0.014   
   0.46     -0.15      0.02    
   0.21      0.042     0.31    
   0.21      0.057     0.31    
   0.19      0.13      0.3     
   0.16      0.13      0.29    
   0.2       0.12      0.31    
   0.1       0.14      0.25    
   0.095     0.14      0.1     
   0.14      0.14      0.022   
   0.056     0.14      0.16    
   0.12      0.14      0.093   
   0.14      0.14      0.022   
   0.14      0.14      0.029   
   0.21     -0.042     0.3     
   0.21     -0.056     0.3     
   0.19     -0.13      0.3     
   0.15     -0.12      0.29    
   0.2      -0.12      0.31    
   0.099    -0.14      0.25    
   0.092    -0.14      0.1     
   0.14     -0.13      0.021   
   0.053    -0.14      0.15    
   0.12     -0.14      0.092   
   0.14     -0.13      0.02    
   0.14     -0.13      0.027   

GEOM_XMAT
   1         0         0         0         1         0         0         0         1       
  -0.26     -0.96     -0.0099   -0.0067    0.012    -1         0.96     -0.26     -0.0096  
  -0.26     -0.96     -0.01     -0.0054    0.012    -1         0.96     -0.26     -0.0084  
   1         0.01     -0.051    -0.011     1        -0.0075    0.051     0.008     1       
  -0.018     0.0039    1         0.0003   -1         0.0039    1         0.00037   0.018   
  -0.052    -0.013     1        -0.02     -1        -0.014     1        -0.021     0.051   
   1         0.01     -0.0037   -0.01      1        -0.0077    0.0036    0.0078    1       
   1         0.01     -0.0037   -0.01      1        -0.0077    0.0036    0.0078    1       
   1         0.01     -0.0037   -0.01      1        -0.0077    0.0036    0.0078    1       
   0.063    -0.00074   1         1        -0.036    -0.063     0.036     1        -0.0015  
  -0.35     -0.0026    0.94      0.94     -0.036     0.35      0.033     1         0.015   
   1        -0.004    -0.01     -0.01     -0.036    -1         0.0036    1        -0.036   
   0.18     -0.39      0.9       0.98      0.077    -0.16     -0.0074    0.92      0.4     
   0.43     -0.9      -0.081    -0.65     -0.25     -0.72      0.62      0.36     -0.69    
  -0.89      0.01      0.46      0.026     1         0.028    -0.46      0.036    -0.88    
  -0.006    -0.87     -0.48      1         0.0096   -0.03      0.031    -0.48      0.87    
   0.095    -0.01      1        -0.037    -1        -0.007     0.99     -0.037    -0.096   
   0.78      0.01     -0.63     -0.031     1        -0.022     0.62      0.036     0.78    
   0.91      0.01     -0.4      -0.024     1        -0.029     0.4       0.036     0.91    
   0.096    -0.011     1        -0.037    -1        -0.007     0.99     -0.036    -0.096   
   0.89      0.01     -0.45     -0.026     1        -0.028     0.45      0.036     0.89    
   0.042     0.0066    1        -1        -0.026     0.042     0.026    -1         0.0055  
  -0.37      0.0047    0.93     -0.93     -0.026    -0.37      0.022    -1         0.014   
   1        -0.0033   -0.01     -0.01      0.025    -1         0.0036    1         0.025   
  -0.15     -0.34      0.93      0.99     -0.08      0.13      0.028     0.94      0.35    
   0.48     -0.87      0.1       0.63      0.26     -0.73      0.61      0.41      0.68    
  -0.91      0.01      0.42     -0.00085   1        -0.027    -0.42     -0.025    -0.91    
   0.027    -0.92     -0.39      1         0.017     0.03     -0.021    -0.39      0.92    
   0.2      -0.01      0.98      0.023    -1        -0.015     0.98      0.025    -0.2     
   0.85      0.01     -0.53      0.0045    1         0.027     0.53     -0.025     0.85    
   0.95      0.01     -0.31     -0.0023    1         0.027     0.31     -0.025     0.95    
   0.2      -0.011     0.98      0.023    -1        -0.016     0.98      0.025    -0.2     
   0.94      0.01     -0.35     -0.00093   1         0.027     0.35     -0.025     0.93    
  -0.042     0.00034  -1         1        -0.011    -0.042    -0.011    -1         0.0001  
   0.37      0.0022   -0.93      0.93     -0.011     0.37     -0.0089   -1        -0.006   
   1        -0.0035   -0.01     -0.01      0.011    -1         0.0036    1         0.011   
   0.18     -0.43      0.88      0.98      0.12     -0.14     -0.046     0.89      0.45    
   0.4      -0.91     -0.05     -0.62     -0.23     -0.75      0.67      0.33     -0.66    
  -0.86      0.01      0.51      0.0035    1        -0.015    -0.51     -0.011    -0.86    
  -0.0043   -0.76     -0.65      1        -0.016     0.012    -0.02     -0.65      0.76    
  -0.11     -0.011     0.99      0.012    -1        -0.0094    0.99      0.011     0.11    
   0.64      0.01     -0.77      0.0017    1         0.015     0.77     -0.011     0.64    
   0.81      0.01     -0.58     -0.0021    1         0.015     0.58     -0.011     0.81    
  -0.11     -0.011     0.99      0.012    -1        -0.0095    0.99      0.011     0.11    
   0.78      0.01     -0.62     -0.0013    1         0.015     0.62     -0.011     0.78    
  -0.063    -0.0072   -1        -1        -0.024     0.063    -0.024     1        -0.0057  
   0.35     -0.0053   -0.94     -0.94     -0.024    -0.35     -0.021     1        -0.013   
   1        -0.0038   -0.01     -0.01     -0.024    -1         0.0036    1        -0.024   
  -0.16     -0.43      0.89      0.99     -0.12      0.12      0.059     0.89      0.45    
   0.41     -0.91      0.035     0.6       0.25     -0.76      0.68      0.34      0.65    
  -0.86      0.01      0.5       0.021     1         0.015    -0.5       0.024    -0.86    
   0.025    -0.76     -0.65      1         0.04     -0.0084    0.033    -0.65      0.76    
  -0.11     -0.01      0.99     -0.022    -1        -0.013     0.99     -0.023     0.11    
   0.64      0.01     -0.77     -0.025     1        -0.0073    0.77      0.024     0.64    
   0.81      0.01     -0.58     -0.022     1        -0.013     0.58      0.024     0.81    
  -0.11     -0.011     0.99     -0.022    -1        -0.013     0.99     -0.024     0.11    
   0.78      0.01     -0.62     -0.023     1        -0.012     0.62      0.024     0.78    

SITE_XPOS
   0.36     -0.0019    0.35    
   0.49      0.15      0.022   
   0.49      0.15      0.022   
   0.46     -0.15      0.022   
   0.46     -0.15      0.022   
   0.14      0.14      0.031   
   0.14      0.14      0.031   
   0.14     -0.13      0.03    
   0.14     -0.13      0.03    

SITE_XMAT
   1         0.01     -0.0037   -0.01      1        -0.0077    0.0036    0.0078    1       
   0.89      0.01     -0.45     -0.026     1        -0.028     0.45      0.036     0.89    
   0.89      0.01     -0.45     -0.026     1        -0.028     0.45      0.036     0.89    
   0.94      0.01     -0.35     -0.00093   1         0.027     0.35     -0.025     0.93    
   0.94      0.01     -0.35     -0.00093   1         0.027     0.35     -0.025     0.93    
   0.78      0.01     -0.62     -0.0013    1         0.015     0.62     -0.011     0.78    
   0.78      0.01     -0.62     -0.0013    1         0.015     0.62     -0.011     0.78    
   0.78      0.01     -0.62     -0.023     1        -0.012     0.62      0.024     0.78    
   0.78      0.01     -0.62     -0.023     1        -0.012     0.62      0.024     0.78    

LIGHT_XPOS
   0         0         1.5     

LIGHT_XDIR
   0         0        -1       

SUBTREE_COM
   0.38     -0.0016    0.29    
   0.38     -0.0016    0.29    
   0.55      0.097     0.28    
   0.53      0.12      0.26    
   0.46      0.15      0.088   
   0.54     -0.1       0.28    
   0.53     -0.13      0.26    
   0.44     -0.15      0.09    
   0.17      0.099     0.27    
   0.15      0.12      0.26    
   0.1       0.14      0.09    
   0.17     -0.098     0.27    
   0.15     -0.12      0.25    
   0.1      -0.14      0.088   

CDOF
   0         0         0         1         0         0       
   0         0         0         0         1         0       
   0         0         0         0         0         1       
   1        -0.01      0.0036    0.0002    0.02      0.00013 
   0.01      1         0.0078   -0.02      0.00015   0.0066  
  -0.0037   -0.0077    1        -4.6e-05  -0.0067   -5.2e-05 
   1        -0.01      0.0036    0.00038   0.02     -0.046   
   0.01      1         0.036    -0.019    -0.0071    0.2     
   0.01      1         0.036     0.08     -0.0012    0.011   
   1        -0.01      0.0036    3.3e-05   0.019     0.047   
   0.01      1        -0.025    -0.019     0.0052    0.2     
   0.01      1        -0.025     0.07     -0.00057   0.0062  
   1        -0.01      0.0036    0.00038   0.02     -0.046   
   0.01      1        -0.011    -0.02     -0.0018   -0.19    
   0.01      1        -0.011     0.088    -0.005    -0.37    
   1        -0.01      0.0036    3.3e-05   0.019     0.047   
   0.01      1         0.024    -0.02      0.0046   -0.19    
   0.01      1         0.024     0.088     0.0078   -0.37    

CINERT
   0         0         0         0         0         0         0         0         0         0       
   0.026     0.1       0.11      0.00095  -0.0016   -7.5e-05   0.19     -0.0026    0.1       6.9     
   0.0022    0.027     0.028    -0.0061   -0.0027   -0.00064   0.13      0.031     0.014     0.68    
   0.018     0.039     0.055    -0.022    -0.0041   -0.0012    0.2       0.14      0.013     1.2     
   0.016     0.013     0.0073   -0.003     0.0045    0.0071    0.02      0.036    -0.048     0.24    
   0.0025    0.027     0.028     0.0067   -0.0026    0.00068   0.13     -0.034     0.014     0.68    
   0.019     0.038     0.055     0.023    -0.0039    0.0014    0.19     -0.14      0.013     1.2     
   0.016     0.012     0.0064    0.0022    0.0033   -0.007     0.015    -0.036    -0.047     0.24    
   0.0024    0.023     0.024     0.0062    0.0024   -0.00066  -0.12      0.034     0.013     0.68    
   0.019     0.059     0.075     0.031    -0.00066  -0.00039  -0.25      0.14      0.0061    1.2     
   0.015     0.029     0.024     0.0094   -0.012     0.0067   -0.067     0.034    -0.047     0.24    
   0.0022    0.024     0.025    -0.0058    0.0023    0.00059  -0.12     -0.032     0.013     0.68    
   0.018     0.061     0.076    -0.03     -0.0011    0.00021  -0.25     -0.14      0.0042    1.2     
   0.015     0.03      0.024    -0.009    -0.013    -0.0064   -0.067    -0.032    -0.048     0.24    

ACTUATOR_LENGTH
  -0.033   
   1.1     
  -1.5     
   0.029   
   1.1     
  -1.6     
   0.016   
   1       
  -1.7     
  -0.019   
   1       
  -1.7     

ACTUATOR_MOMENT
   0         0         0         0         0         0         0         0         0         1         0         0         0         0         0         0         0         0       
   0         0         0         0         0         0         0         0         0         0         1         0         0         0         0         0         0         0       
   0         0         0         0         0         0         0         0         0         0         0         1         0         0         0         0         0         0       
   0         0         0         0         0         0         1         0         0         0         0         0         0         0         0         0         0         0       
   0         0         0         0         0         0         0         1         0         0         0         0         0         0         0         0         0         0       
   0         0         0         0         0         0         0         0         1         0         0         0         0         0         0         0         0         0       
   0         0         0         0         0         0         0         0         0         0         0         0         0         0         0         1         0         0       
   0         0         0         0         0         0         0         0         0         0         0         0         0         0         0         0         1         0       
   0         0         0         0         0         0         0         0         0         0         0         0         0         0         0         0         0         1       
   0         0         0         0         0         0         0         0         0         0         0         0         1         0         0         0         0         0       
   0         0         0         0         0         0         0         0         0         0         0         0         0         1         0         0         0         0       
   0         0         0         0         0         0         0         0         0         0         0         0         0         0         1         0         0         0       

CRB
   0         0         0         0         0         0         0         0         0         0       
   0.17      0.49      0.54      0.0028   -0.029     0.00032  -1.1e-16  -2.8e-17  -5.7e-16   15      
   0.036     0.079     0.09     -0.031    -0.0023    0.0053    0.35      0.2      -0.02      2.1     
   0.034     0.052     0.062    -0.025     0.00044   0.0059    0.22      0.17     -0.034     1.4     
   0.016     0.013     0.0073   -0.003     0.0045    0.0071    0.02      0.036    -0.048     0.24    
   0.037     0.077     0.089     0.032    -0.0032   -0.005     0.34     -0.21     -0.02      2.1     
   0.035     0.05      0.061     0.025    -0.00053  -0.0056    0.21     -0.18     -0.034     1.4     
   0.016     0.012     0.0064    0.0022    0.0033   -0.007     0.015    -0.036    -0.047     0.24    
   0.037     0.11      0.12      0.047    -0.011     0.0056   -0.44      0.21     -0.028     2.1     
   0.034     0.089     0.099     0.04     -0.013     0.0063   -0.32      0.17     -0.041     1.4     
   0.015     0.029     0.024     0.0094   -0.012     0.0067   -0.067     0.034    -0.047     0.24    
   0.035     0.11      0.12     -0.045    -0.011    -0.0056   -0.44     -0.2      -0.031     2.1     
   0.032     0.09      0.099    -0.039    -0.014    -0.0062   -0.32     -0.17     -0.043     1.4     
   0.015     0.03      0.024    -0.009    -0.013    -0.0064   -0.067    -0.032    -0.048     0.24    

QM
   15        0         0         0.0031   -0.3      -0.00069   0.00026  -0.067    -0.03      0.001    -0.064    -0.031     0.00032  -0.067    -0.026     0.0011   -0.067    -0.026   
   0         15        0         0.3       0.0023   -0.1       0.063    -0.0017    0.00091   0.062     0.0024   -9.4e-06   0.068     0.0013    2.3e-05   0.069    -0.00064   0.0008  
   0         0         15        0.002     0.1      -0.00079   0.11      0.064    -0.017    -0.11      0.069    -0.014     0.11      0.057    -0.022    -0.11      0.057    -0.022   
   0.0031    0.3       0.002     0.18     -0.00069  -0.03      0.029     0.0091   -0.0023    0.028    -0.0098    0.0019    0.028     0.008    -0.0032    0.028    -0.008     0.0032  
  -0.3       0.0023    0.1      -0.00069   0.49      0.00042  -0.015     0.011     0.0093    0.015     0.011     0.009     0.026     0.033     0.00069  -0.026     0.033     0.00068 
  -0.00069  -0.1      -0.00079  -0.03      0.00042   0.54      0.0045    0.0098    0.0045    0.0032   -0.0095   -0.0048   -0.02      0.0089    0.0036   -0.02     -0.0089   -0.0037  
   0.00026   0.063     0.11      0.029    -0.015     0.0045    0.034     0.0061   -0.0016    0         0         0         0         0         0         0         0         0       
  -0.067    -0.0017    0.064     0.0091    0.011     0.0098    0.0061    0.034     0.0061    0         0         0         0         0         0         0         0         0       
  -0.03      0.00091  -0.017    -0.0023    0.0093    0.0045   -0.0016    0.0061    0.016     0         0         0         0         0         0         0         0         0       
   0.001     0.062    -0.11      0.028     0.015     0.0032    0         0         0         0.033    -0.0066    0.0013    0         0         0         0         0         0       
  -0.064     0.0024    0.069    -0.0098    0.011    -0.0095    0         0         0        -0.0066    0.035     0.0065    0         0         0         0         0         0       
  -0.031    -9.4e-06  -0.014     0.0019    0.009    -0.0048    0         0         0         0.0013    0.0065    0.016     0         0         0         0         0         0       
   0.00032   0.068     0.11      0.028     0.026    -0.02      0         0         0         0         0         0         0.033     0.0054   -0.0021    0         0         0       
  -0.067     0.0013    0.057     0.008     0.033     0.0089    0         0         0         0         0         0         0.0054    0.032     0.005     0         0         0       
  -0.026     2.3e-05  -0.022    -0.0032    0.00069   0.0036    0         0         0         0         0         0        -0.0021    0.005     0.016     0         0         0       
   0.0011    0.069    -0.11      0.028    -0.026    -0.02      0         0         0         0         0         0         0         0         0         0.033    -0.0054    0.0021  
  -0.067    -0.00064   0.057    -0.008     0.033    -0.0089    0         0         0         0         0         0         0         0         0        -0.0054    0.032     0.005   
  -0.026     0.0008   -0.022     0.0032    0.00068  -0.0037    0         0         0         0         0         0         0         0         0         0.0021    0.005     0.016   

QLD
   15       -7.5e-05   0.018     0.011    -0.3       0.002     0.29     -1.8      -1.8      -0.25     -1.6      -1.9       0.28     -2        -1.6      -0.23     -2        -1.6     
  -7.5e-05   15       -0.00025   1.1       0.0082   -0.04      2        -0.063     0.056     2         0.075    -0.00057   2.2       0.044     0.0014    2.2      -0.029     0.049   
   0.018    -0.00025   13        0.01     -0.2      -0.0071    2.9       2.2      -1        -2.9       2.3      -0.83      2.9       2.1      -1.4      -2.9       2.1      -1.4     
   0.011     1.1       0.01      0.077    -7.4e-06  -0.014     0.83      0.32     -0.14      0.82     -0.33      0.12      0.82      0.3      -0.19      0.82     -0.3       0.19    
  -0.3       0.0082   -0.2      -7.4e-06   0.37      0.0019   -0.49      0.25      0.57      0.49      0.23      0.55      0.62      1.1       0.042    -0.62      1.1       0.042   
   0.002    -0.04     -0.0071   -0.014     0.0019    0.5       0.098     0.26      0.28      0.059    -0.24     -0.29     -0.66      0.26      0.22     -0.66     -0.26     -0.22    
   0.29      2         2.9       0.83     -0.49      0.098     0.032     0.21     -0.097     0         0         0         0         0         0         0         0         0       
  -1.8      -0.063     2.2       0.32      0.25      0.26      0.21      0.032     0.38      0         0         0         0         0         0         0         0         0       
  -1.8       0.056    -1        -0.14      0.57      0.28     -0.097     0.38      0.016     0         0         0         0         0         0         0         0         0       
  -0.25      2        -2.9       0.82      0.49      0.059     0         0         0         0.032    -0.22      0.078     0         0         0         0         0         0       
  -1.6       0.075     2.3      -0.33      0.23     -0.24      0         0         0        -0.22      0.032     0.4       0         0         0         0         0         0       
  -1.9      -0.00057  -0.83      0.12      0.55     -0.29      0         0         0         0.078     0.4       0.016     0         0         0         0         0         0       
   0.28      2.2       2.9       0.82      0.62     -0.66      0         0         0         0         0         0         0.032     0.2      -0.13      0         0         0       
  -2         0.044     2.1       0.3       1.1       0.26      0         0         0         0         0         0         0.2       0.03      0.3       0         0         0       
  -1.6       0.0014   -1.4      -0.19      0.042     0.22      0         0         0         0         0         0        -0.13      0.3       0.016     0         0         0       
  -0.23      2.2      -2.9       0.82     -0.62     -0.66      0         0         0         0         0         0         0         0         0         0.031    -0.2       0.13    
  -2        -0.029     2.1      -0.3       1.1      -0.26      0         0         0         0         0         0         0         0         0        -0.2       0.03      0.3     
  -1.6       0.049    -1.4       0.19      0.042    -0.22      0         0         0         0         0         0         0         0         0         0.13      0.3       0.016   

QLDIAGINV
   0.069   
   0.069   
   0.075   
   13      
   2.7     
   2       
   31      
   32      
   61      
   32      
   31      
   61      
   32      
   33      
   61      
   32      
   33      
   61      

QLDIAGSQRTINV
   0.26    
   0.26    
   0.27    
   3.6     
   1.6     
   1.4     
   5.6     
   5.6     
   7.8     
   5.6     
   5.6     
   7.8     
   5.6     
   5.8     
   7.8     
   5.6     
   5.8     
   7.8     

D_rownnz              18 18 18 18 18 18 9 9 9 9 9 9 9 9 9 9 9 9

D_rowadr              0 18 36 54 72 90 108 117 126 135 144 153 162 171 180 189 198 207

D_colind              0 1 2 3 4 5 6 7 8 9 10 11 12 13 14 15 16 17 0 1 2 3 4 5 6 7 8 9 10 11 12 13 14 15 16 17 0 1 2 3 4 5 6 7 8 9 10 11 12 13 14 15 16 17 0 1 2 3 4 5 6 7 8 9 10 11 12 13 14 15 16 17 0 1 2 3 4 5 6 7 8 9 10 11 12 13 14 15 16 17 0 1 2 3 4 5 6 7 8 9 10 11 12 13 14 15 16 17 0 1 2 3 4 5 6 7 8 0 1 2 3 4 5 6 7 8 0 1 2 3 4 5 6 7 8 0 1 2 3 4 5 9 10 11 0 1 2 3 4 5 9 10 11 0 1 2 3 4 5 9 10 11 0 1 2 3 4 5 12 13 14 0 1 2 3 4 5 12 13 14 0 1 2 3 4 5 12 13 14 0 1 2 3 4 5 15 16 17 0 1 2 3 4 5 15 16 17 0 1 2 3 4 5 15 16 17

B_rownnz              18 18 9 9 9 9 9 9 9 9 9 9 9 9

B_rowadr              0 18 36 45 54 63 72 81 90 99 108 117 126 135

B_colind              0 1 2 3 4 5 6 7 8 9 10 11 12 13 14 15 16 17 0 1 2 3 4 5 6 7 8 9 10 11 12 13 14 15 16 17 0 1 2 3 4 5 6 7 8 0 1 2 3 4 5 6 7 8 0 1 2 3 4 5 6 7 8 0 1 2 3 4 5 9 10 11 0 1 2 3 4 5 9 10 11 0 1 2 3 4 5 9 10 11 0 1 2 3 4 5 12 13 14 0 1 2 3 4 5 12 13 14 0 1 2 3 4 5 12 13 14 0 1 2 3 4 5 15 16 17 0 1 2 3 4 5 15 16 17 0 1 2 3 4 5 15 16 17

QDERIV
   0         0         0         0         0         0         0         0         0         0         0         0         0         0         0         0         0         0       
   0         0         0         0         0         0         0         0         0         0         0         0         0         0         0         0         0         0       
   0         0         0         0         0         0         0         0         0         0         0         0         0         0         0         0         0         0       
   0         0         0         0         0         0         0         0         0         0         0         0         0         0         0         0         0         0       
   0         0         0         0         0         0         0         0         0         0         0         0         0         0         0         0         0         0       
   0         0         0         0         0         0         0         0         0         0         0         0         0         0         0         0         0         0       
   0         0         0         0         0         0         0         0         0         0         0         0         0         0         0         0         0         0       
   0         0         0         0         0         0         0         0         0         0         0         0         0         0         0         0         0         0       
   0         0         0         0         0         0         0         0         0         0         0         0         0         0         0         0         0         0       
   0         0         0         0         0         0         0         0         0         0         0         0         0         0         0         0         0         0       
   0         0         0         0         0         0         0         0         0         0         0         0         0         0         0         0         0         0       
   0         0         0         0         0         0         0         0         0         0         0         0         0         0         0         0         0         0       
   0         0         0         0         0         0         0         0         0         0         0         0         0         0         0         0         0         0       
   0         0         0         0         0         0         0         0         0         0         0         0         0         0         0         0         0         0       
   0         0         0         0         0         0         0         0         0         0         0         0         0         0         0         0         0         0       
   0         0         0         0         0         0         0         0         0         0         0         0         0         0         0         0         0         0       
   0         0         0         0         0         0         0         0         0         0         0         0         0         0         0         0         0         0       
   0         0         0         0         0         0         0         0         0         0         0         0         0         0         0         0         0         0       

QLU
   0         0         0         0         0         0         0         0         0         0         0         0         0         0         0         0         0         0       
   0         0         0         0         0         0         0         0         0         0         0         0         0         0         0         0         0         0       
   0         0         0         0         0         0         0         0         0         0         0         0         0         0         0         0         0         0       
   0         0         0         0         0         0         0         0         0         0         0         0         0         0         0         0         0         0       
   0         0         0         0         0         0         0         0         0         0         0         0         0         0         0         0         0         0       
   0         0         0         0         0         0         0         0         0         0         0         0         0         0         0         0         0         0       
   0         0         0         0         0         0         0         0         0         0         0         0         0         0         0         0         0         0       
   0         0         0         0         0         0         0         0         0         0         0         0         0         0         0         0         0         0       
   0         0         0         0         0         0         0         0         0         0         0         0         0         0         0         0         0         0       
   0         0         0         0         0         0         0         0         0         0         0         0         0         0         0         0         0         0       
   0         0         0         0         0         0         0         0         0         0         0         0         0         0         0         0         0         0       
   0         0         0         0         0         0         0         0         0         0         0         0         0         0         0         0         0         0       
   0         0         0         0         0         0         0         0         0         0         0         0         0         0         0         0         0         0       
   0         0         0         0         0         0         0         0         0         0         0         0         0         0         0         0         0         0       
   0         0         0         0         0         0         0         0         0         0         0         0         0         0         0         0         0         0       
   0         0         0         0         0         0         0         0         0         0         0         0         0         0         0         0         0         0       
   0         0         0         0         0         0         0         0         0         0         0         0         0         0         0         0         0         0       
   0         0         0         0         0         0         0         0         0         0         0         0         0         0         0         0         0         0       

CONTACT
  0:
     dim           6
     geoms         floor : FL
     exclude       0
     efc_address   12
     solref        -2e+02    -1e+02   
     solimp         0         1         0.011     0.5       2       
     dist          -0.0018  
     includemargin  0       
     pos            0.49      0.15     -0.00092 
     frame          0         0         1         0         1         0        -1         0         0       
     friction       1         1         0.005     0.0001    0.0001  
     mu             1       
  1:
     dim           6
     geoms         floor : FR
     exclude       0
     efc_address   22
     solref        -2e+02    -1e+02   
     solimp         0         1         0.011     0.5       2       
     dist          -0.0019  
     includemargin  0       
     pos            0.46     -0.15     -0.00094 
     frame          0         0         1         0         1         0        -1         0         0       
     friction       1         1         0.005     0.0001    0.0001  
     mu             1       

EFC_TYPE
  1
  1
  1
  1
  1
  1
  1
  1
  1
  1
  1
  1
  6
  6
  6
  6
  6
  6
  6
  6
  6
  6
  6
  6
  6
  6
  6
  6
  6
  6
  6
  6

EFC_ID
  6
  7
  8
  9
  10
  11
  12
  13
  14
  15
  16
  17
  0
  0
  0
  0
  0
  0
  0
  0
  0
  0
  1
  1
  1
  1
  1
  1
  1
  1
  1
  1

EFC_J
   0         0         0         0         0         0         1         0         0         0         0         0         0         0         0         0         0         0       
   0         0         0         0         0         0         0         1         0         0         0         0         0         0         0         0         0         0       
   0         0         0         0         0         0         0         0         1         0         0         0         0         0         0         0         0         0       
   0         0         0         0         0         0         0         0         0         1         0         0         0         0         0         0         0         0       
   0         0         0         0         0         0         0         0         0         0         1         0         0         0         0         0         0         0       
   0         0         0         0         0         0         0         0         0         0         0         1         0         0         0         0         0         0       
   0         0         0         0         0         0         0         0         0         0         0         0         1         0         0         0         0         0       
   0         0         0         0         0         0         0         0         0         0         0         0         0         1         0         0         0         0       
   0         0         0         0         0         0         0         0         0         0         0         0         0         0         1         0         0         0       
   0         0         0         0         0         0         0         0         0         0         0         0         0         0         0         1         0         0       
   0         0         0         0         0         0         0         0         0         0         0         0         0         0         0         0         1         0       
   0         0         0         0         0         0         0         0         0         0         0         0         0         0         0         0         0         1       
   0         1         1         0.46     -0.095     0.099     0.41      0.094    -0.088     0         0         0         0         0         0         0         0         0       
   0        -1         1        -0.15     -0.1      -0.099    -0.2       0.095    -0.099     0         0         0         0         0         0         0         0         0       
  -1         0         1         0.15      0.21      0.15      0.1       0.41      0.12      0         0         0         0         0         0         0         0         0       
   1         0         1         0.16     -0.41     -0.15      0.11     -0.22     -0.31      0         0         0         0         0         0         0         0         0       
   0         0         1         0.15     -0.099     0.0052    0.11      0.095    -0.094     0         0         0         0         0         0         0         0         0       
   0         0         1         0.15     -0.099    -0.0048    0.11      0.095    -0.094     0         0         0         0         0         0         0         0         0       
   0         0         1         0.15     -0.098     0.00021   0.11      0.095    -0.094     0         0         0         0         0         0         0         0         0       
   0         0         1         0.15     -0.099     0.00022   0.11      0.095    -0.094     0         0         0         0         0         0         0         0         0       
   0         0         1         0.15     -0.099     0.00022   0.11      0.095    -0.094     0         0         0         0         0         0         0         0         0       
   0         0         1         0.15     -0.099     0.00021   0.11      0.095    -0.094     0         0         0         0         0         0         0         0         0       
   0         1         1         0.16     -0.07      0.072     0         0         0         0.2       0.13     -0.073     0         0         0         0         0         0       
   0        -1         1        -0.46     -0.077    -0.069     0         0         0        -0.41      0.11     -0.074     0         0         0         0         0         0       
  -1         0         1        -0.15      0.23     -0.15      0         0         0        -0.11      0.43      0.15      0         0         0         0         0         0       
   1         0         1        -0.15     -0.38      0.15      0         0         0        -0.099    -0.19     -0.29      0         0         0         0         0         0       
   0         0         1        -0.15     -0.073     0.0061    0         0         0        -0.1       0.12     -0.074     0         0         0         0         0         0       
   0         0         1        -0.15     -0.073    -0.0039    0         0         0        -0.1       0.12     -0.074     0         0         0         0         0         0       
   0         0         1        -0.15     -0.073     0.0011    0         0         0        -0.1       0.12     -0.074     0         0         0         0         0         0       
   0         0         1        -0.15     -0.073     0.0011    0         0         0        -0.1       0.12     -0.074     0         0         0         0         0         0       
   0         0         1        -0.15     -0.073     0.0011    0         0         0        -0.1       0.12     -0.074     0         0         0         0         0         0       
   0         0         1        -0.15     -0.073     0.0011    0         0         0        -0.1       0.12     -0.074     0         0         0         0         0         0       

EFC_POS
   0       
   0       
   0       
   0       
   0       
   0       
   0       
   0       
   0       
   0       
   0       
   0       
  -0.0018  
  -0.0018  
  -0.0018  
  -0.0018  
  -0.0018  
  -0.0018  
  -0.0018  
  -0.0018  
  -0.0018  
  -0.0018  
  -0.0019  
  -0.0019  
  -0.0019  
  -0.0019  
  -0.0019  
  -0.0019  
  -0.0019  
  -0.0019  
  -0.0019  
  -0.0019  

EFC_MARGIN
   0       
   0       
   0       
   0       
   0       
   0       
   0       
   0       
   0       
   0       
   0       
   0       
   0       
   0       
   0       
   0       
   0       
   0       
   0       
   0       
   0       
   0       
   0       
   0       
   0       
   0       
   0       
   0       
   0       
   0       
   0       
   0       

EFC_FRICTIONLOSS
   0.2     
   0.2     
   0.2     
   0.2     
   0.2     
   0.2     
   0.2     
   0.2     
   0.2     
   0.2     
   0.2     
   0.2     
   0       
   0       
   0       
   0       
   0       
   0       
   0       
   0       
   0       
   0       
   0       
   0       
   0       
   0       
   0       
   0       
   0       
   0       
   0       
   0       

EFC_DIAGAPPROX
   29      
   29      
   80      
   29      
   29      
   80      
   29      
   29      
   80      
   29      
   29      
   80      
   7.1     
   7.1     
   7.1     
   7.1     
   7.1     
   7.1     
   7.1     
   7.1     
   7.1     
   7.1     
   7.1     
   7.1     
   7.1     
   7.1     
   7.1     
   7.1     
   7.1     
   7.1     
   7.1     
   7.1     

EFC_KBIP
   0         84        0.9       0       
   0         84        0.9       0       
   0         84        0.9       0       
   0         84        0.9       0       
   0         84        0.9       0       
   0         84        0.9       0       
   0         84        0.9       0       
   0         84        0.9       0       
   0         84        0.9       0       
   0         84        0.9       0       
   0         84        0.9       0       
   0         84        0.9       0       
   2e+02     1e+02     0.055    -61      
   2e+02     1e+02     0.055    -61      
   2e+02     1e+02     0.055    -61      
   2e+02     1e+02     0.055    -61      
   2e+02     1e+02     0.055    -61      
   2e+02     1e+02     0.055    -61      
   2e+02     1e+02     0.055    -61      
   2e+02     1e+02     0.055    -61      
   2e+02     1e+02     0.055    -61      
   2e+02     1e+02     0.055    -61      
   2e+02     1e+02     0.059    -62      
   2e+02     1e+02     0.059    -62      
   2e+02     1e+02     0.059    -62      
   2e+02     1e+02     0.059    -62      
   2e+02     1e+02     0.059    -62      
   2e+02     1e+02     0.059    -62      
   2e+02     1e+02     0.059    -62      
   2e+02     1e+02     0.059    -62      
   2e+02     1e+02     0.059    -62      
   2e+02     1e+02     0.059    -62      

EFC_D
   0.31    
   0.32    
   0.11    
   0.31    
   0.32    
   0.11    
   0.31    
   0.31    
   0.11    
   0.31    
   0.31    
   0.11    
   0.0083  
   0.0083  
   0.0083  
   0.0083  
   0.0083  
   0.0083  
   0.0083  
   0.0083  
   0.0083  
   0.0083  
   0.0088  
   0.0088  
   0.0088  
   0.0088  
   0.0088  
   0.0088  
   0.0088  
   0.0088  
   0.0088  
   0.0088  

EFC_R
   3.2     
   3.2     
   8.9     
   3.2     
   3.2     
   8.9     
   3.2     
   3.2     
   8.9     
   3.2     
   3.2     
   8.9     
   1.2e+02 
   1.2e+02 
   1.2e+02 
   1.2e+02 
   1.2e+02 
   1.2e+02 
   1.2e+02 
   1.2e+02 
   1.2e+02 
   1.2e+02 
   1.1e+02 
   1.1e+02 
   1.1e+02 
   1.1e+02 
   1.1e+02 
   1.1e+02 
   1.1e+02 
   1.1e+02 
   1.1e+02 
   1.1e+02 

ACTUATOR_VELOCITY
  -2.7     
   3.3     
  -2.1     
   1.9     
   3.1     
  -3.1     
  -0.14    
  -0.15    
  -0.022   
  -1       
  -0.055   
   0.32    

CVEL
   0         0         0         0         0         0       
  -0.25     -0.54      0.18      1.5       0.085    -0.45    
   1.7      -0.56      0.19      1.5       0.12     -0.54    
   1.7       2.6       0.3       1.5       0.1       0.089   
   1.7      -0.5       0.19      1.2       0.11      0.054   
  -3        -0.51      0.17      1.5       0.033    -0.58    
  -2.9       2.8       0.091     1.5       0.05      0.078   
  -3         0.62      0.14      1.3       0.051     0.064   
  -1.3      -0.53      0.18      1.5       0.065    -0.4     
  -1.3      -0.58      0.18      1.5       0.065    -0.39    
  -1.3      -0.27      0.18      1.6       0.064    -0.51    
  -0.39     -0.54      0.18      1.5       0.083    -0.45    
  -0.39     -0.69      0.18      1.5       0.082    -0.43    
  -0.39     -0.71      0.18      1.5       0.082    -0.42    

CDOF_DOT
   0         0         0         0         0         0       
   0         0         0         0         0         0       
   0         0         0         0         0         0       
   0         0        -0        -0.0043   -0.45     -0.11    
   0         0         0         0.45     -0.017     1.5     
   0        -0         0         0.088    -1.5      -0.011   
  -4.4e-05   0.18      0.54      0.017    -0.47     -0.11    
  -0.21     -0.06      1.7       0.43     -0.4       1.5     
  -0.21     -0.06      1.7      -0.055    -0.049     1.3     
  -4.4e-05   0.18      0.54     -0.033    -0.44     -0.11    
  -0.16     -0.073    -3         0.47      0.62      1.5     
  -0.16     -0.073    -3        -0.062     0.063     1.3     
  -4.4e-05   0.18      0.54      0.017    -0.47     -0.11    
  -0.17     -0.012    -1.3       0.5      -0.23      1.5     
  -0.17     -0.012    -1.3       0.61     -0.44      1.6     
  -4.4e-05   0.18      0.54     -0.033    -0.44     -0.11    
  -0.19      0.011    -0.39      0.56     -0.12      1.5     
  -0.19      0.011    -0.39      0.68     -0.17      1.6     

QFRC_BIAS
   0.78    
   1       
   1.5e+02 
   0.058   
   0.83    
   0.17    
   0.97    
   0.63    
  -0.21    
  -0.9     
   0.72    
  -0.21    
   1.1     
   0.54    
  -0.24    
  -1.1     
   0.55    
  -0.23    

QFRC_SPRING
   0       
   0       
   0       
   0       
   0       
   0       
   0       
   0       
   0       
   0       
   0       
   0       
   0       
   0       
   0       
   0       
   0       
   0       

QFRC_DAMPER
   0       
   0       
   0       
   0       
   0       
   0       
  -3.9     
  -6.3     
   6.2     
   5.4     
  -6.5     
   4.3     
   2       
   0.11    
  -0.64    
   0.27    
   0.31    
   0.043   

QFRC_GRAVCOMP
   0       
   0       
   0       
   0       
   0       
   0       
   0       
   0       
   0       
   0       
   0       
   0       
   0       
   0       
   0       
   0       
   0       
   0       

QFRC_FLUID
   0       
   0       
   0       
   0       
   0       
   0       
   0       
   0       
   0       
   0       
   0       
   0       
   0       
   0       
   0       
   0       
   0       
   0       

QFRC_PASSIVE
   0       
   0       
   0       
   0       
   0       
   0       
  -3.9     
  -6.3     
   6.2     
   5.4     
  -6.5     
   4.3     
   2       
   0.11    
  -0.64    
   0.27    
   0.31    
   0.043   

EFC_VEL
   1.9     
   3.1     
  -3.1     
  -2.7     
   3.3     
  -2.1     
  -1       
  -0.055   
   0.32    
  -0.14    
  -0.15    
  -0.022   
   0.97    
  -0.25    
  -0.99    
   1.7     
   0.36    
   0.36    
   0.36    
   0.36    
   0.36    
   0.36    
  -0.33    
   1.2     
  -0.72    
   1.6     
   0.46    
   0.46    
   0.46    
   0.46    
   0.46    
   0.46    

EFC_AREF
  -1.6e+02 
  -2.6e+02 
   2.6e+02 
   2.3e+02 
  -2.8e+02 
   1.8e+02 
   86      
   4.6     
  -27      
   12      
   13      
   1.8     
  -97      
   25      
   99      
  -1.7e+02 
  -36      
  -36      
  -36      
  -36      
  -36      
  -36      
   33      
  -1.2e+02 
   72      
  -1.6e+02 
  -46      
  -46      
  -46      
  -46      
  -46      
  -46      

SUBTREE_LINVEL
   0         0         0       
   0         0         0       
   0         0         0       
   0         0         0       
   0         0         0       
   0         0         0       
   0         0         0       
   0         0         0       
   0         0         0       
   0         0         0       
   0         0         0       
   0         0         0       
   0         0         0       
   0         0         0       

SUBTREE_ANGMOM
   0         0         0       
   0         0         0       
   0         0         0       
   0         0         0       
   0         0         0       
   0         0         0       
   0         0         0       
   0         0         0       
   0         0         0       
   0         0         0       
   0         0         0       
   0         0         0       
   0         0         0       
   0         0         0       

ACTUATOR_FORCE
  -1.2     
  -6.9     
  -5.8     
  -1.3     
  -8.8     
  -5.5     
   0.22    
   0.38    
   1.8     
  -0.76    
   0.62    
   1.6     

QFRC_ACTUATOR
   0       
   0       
   0       
   0       
   0       
   0       
  -1.3     
  -8.8     
  -5.5     
  -1.2     
  -6.9     
  -5.8     
  -0.76    
   0.62    
   1.6     
   0.22    
   0.38    
   1.8     

QFRC_SMOOTH
  -0.78    
  -1       
  -1.5e+02 
  -0.058   
  -0.83    
  -0.17    
  -6.2     
  -16      
   0.86    
   5.2     
  -14      
  -1.3     
   0.22    
   0.19    
   1.2     
   1.5     
   0.14    
   2.1     

QACC_SMOOTH
  -3       
  -0.23    
  -4.4     
  -4.6     
   12      
   2.7     
  -61      
  -4.9e+02 
   2.1e+02 
   56      
  -4.1e+02 
   66      
   25      
  -20      
   71      
   37      
  -20      
   1.2e+02 

EFC_B
   1e+02   
  -2.3e+02 
  -46      
  -1.7e+02 
  -1.4e+02 
  -1.1e+02 
  -60      
  -25      
   98      
   26      
  -33      
   1.2e+02 
  -0.4     
  -86      
  -2.8e+02 
   1.9e+02 
  -43      
  -43      
  -43      
  -43      
  -43      
  -43      
  -84      
   47      
  -2.4e+02 
   2.1e+02 
  -18      
  -19      
  -18      
  -18      
  -18      
  -18      

EFC_FORCE
  -0.2     
   0.2     
   0.2     
   0.2     
   0.2     
   0.2     
   0.2     
   0.2     
  -0.2     
  -0.2     
   0.2     
  -0.2     
   0       
   0.66    
   2.2     
   0       
   0.32    
   0.33    
   0.33    
   0.32    
   0.32    
   0.32    
   0.69    
   0       
   2       
   0       
   0.13    
   0.14    
   0.14    
   0.14    
   0.14    
   0.14    

EFC_STATE
  3
  2
  2
  2
  2
  2
  2
  2
  3
  3
  2
  3
  0
  1
  1
  0
  1
  1
  1
  1
  1
  1
  1
  0
  1
  0
  1
  1
  1
  1
  1
  1

QFRC_CONSTRAINT
  -4.2     
   0.023   
   8.3     
   0.2     
   0.56    
   0.0084  
   0.099   
   1.3     
   0.21    
   0.043   
   1.2     
   0.39    
   0.2     
   0.2     
  -0.2     
  -0.2     
   0.2     
  -0.2     

QFRC_INVERSE
   5.3e-15 
   5.3e-15 
   6e-14   
  -2.2e-15 
  -2e-15   
  -7.5e-17 
  -1.3     
  -8.8     
  -5.5     
  -1.2     
  -6.9     
  -5.8     
  -0.76    
   0.62    
   1.6     
   0.22    
   0.38    
   1.8     

CACC
   0         0         0         0         0         0       
   0         0         0         0         0         0       
   0         0         0         0         0         0       
   0         0         0         0         0         0       
   0         0         0         0         0         0       
   0         0         0         0         0         0       
   0         0         0         0         0         0       
   0         0         0         0         0         0       
   0         0         0         0         0         0       
   0         0         0         0         0         0       
   0         0         0         0         0         0       
   0         0         0         0         0         0       
   0         0         0         0         0         0       
   0         0         0         0         0         0       

CFRC_INT
   0         0         0         0         0         0       
   0         0         0         0         0         0       
   0         0         0         0         0         0       
   0         0         0         0         0         0       
   0         0         0         0         0         0       
   0         0         0         0         0         0       
   0         0         0         0         0         0       
   0         0         0         0         0         0       
   0         0         0         0         0         0       
   0         0         0         0         0         0       
   0         0         0         0         0         0       
   0         0         0         0         0         0       
   0         0         0         0         0         0       
   0         0         0         0         0         0       

CFRC_EXT
   0         0         0         0         0         0       
   0         0         0         0         0         0       
   0         0         0         0         0         0       
   0         0         0         0         0         0       
   0         0         0         0         0         0       
   0         0         0         0         0         0       
   0         0         0         0         0         0       
   0         0         0         0         0         0       
   0         0         0         0         0         0       
   0         0         0         0         0         0       
   0         0         0         0         0         0       
   0         0         0         0         0         0       
   0         0         0         0         0         0       
   0         0         0         0         0         0       

