SIZES
  narena                13631488
  nbuffer               788032
  nplugin               0
  maxuse_stack          1756
  maxuse_arena          28976
  maxuse_con            1
  maxuse_efc            7
  solver_nisland        1
  ne                    0
  nf                    0
  nl                    2
  nefc                  2
  nnzJ                  14
  ncon                  0
  nisland               0
  threadpool            0

TIMER
    0:  duration =  1.1        number = 9
    1:  duration =  1.1        number = 9
    2:  duration =  0          number = 0
    3:  duration =  0.97       number = 9
    4:  duration =  0.022      number = 9
    5:  duration =  0          number = 0
    6:  duration =  0.064      number = 9
    7:  duration =  0.0032     number = 9
    8:  duration =  0.049      number = 9
    9:  duration =  0.016      number = 9
    10:  duration =  0.87       number = 9
    11:  duration =  0.034      number = 9
    12:  duration =  0.0014     number = 9
    13:  duration =  0.072      number = 9
    14:  duration =  0.61       number = 9

SOLVER STAT
  solver_nisland = 1
  solver_fwdinv =   0         0       
  ISLAND 0
    solver_niter = 1
    solver_nnz = 49
      0:  improvement =  7.3e-05     gradient =  9.9e-17     lineslope =  0       
          nactive = 2   nchange = 0   neval = 2   nupdate = 0

ENERGY =   0         0       

TIME =  17      

QPOS
  -2.9     
   2.1     
   3       
   0.95    
   1.4     
  -0.024   
  -2.9     

QVEL
   0.2     
  -0.00029 
  -0.0026  
  -0.11    
   4.6     
  -0.38    
   2.1     

QACC_WARMSTART
  -0.02    
   0.002   
   0.086   
   2.4     
  -12      
  -4.1     
   13      

QFRC_APPLIED
   0       
   0       
   0       
   0       
   0       
   0       
   0       

XFRC_APPLIED
   0         0         0         0         0         0       
   0         0         0         0         0         0       
   0         0         0         0         0         0       
   0         0         0         0         0         0       
   0         0         0         0         0         0       
   0         0         0         0         0         0       
   0         0         0         0         0         0       
   0         0         0         0         0         0       

QACC
  -0.02    
   0.002   
   0.086   
   2.4     
  -12      
  -4.1     
   13      

XPOS
   0         0         0       
   0         0         0.16    
   0         0         0.36    
  -0.17     -0.05      0.26    
  -0.35     -0.1       0.15    
  -0.37     -0.083    -0.032   
  -0.46     -0.094    -0.24    
  -0.42     -0.054    -0.32    

XQUAT
   1         0         0         0       
   0.14      0         0        -0.99    
  -0.28     -0.085    -0.7       0.65    
  -0.5      -0.2       0.84     -0.028   
   0.09     -0.17      0.74     -0.65    
  -0.086     0.48      0.87      0.011   
  -0.64      0.16     -0.71     -0.24    
   0.0051    0.8      -0.6      -0.076   

XMAT
   1         0         0         0         1         0         0         0         1       
  -0.96      0.28      0        -0.28     -0.96     -0        -0         0         1       
  -0.83      0.48      0.28     -0.24      0.14     -0.96     -0.5      -0.87     -4.5e-08 
  -0.43     -0.36     -0.83     -0.3       0.92     -0.24      0.85      0.15     -0.5     
  -0.92     -0.14      0.36     -0.37      0.1      -0.92      0.092    -0.98     -0.15    
  -0.53      0.84     -0.14      0.83      0.54      0.1       0.16     -0.063    -0.98    
  -0.13     -0.53      0.84      0.083     0.84      0.54     -0.99      0.14     -0.063   
   0.27     -0.95     -0.13     -0.95     -0.29      0.083    -0.11      0.099    -0.99    

XIPOS
   0         0         0       
   0         0         0.16    
   0.04     -0.032     0.31    
  -0.29     -0.054     0.2     
  -0.35     -0.13      0.079   
  -0.37     -0.064    -0.11    
  -0.46     -0.093    -0.24    
  -0.42     -0.051    -0.36    

XIMAT
   1         0         0         0         1         0         0         0         1       
  -0.96      0.28      0.00066  -0.28     -0.96     -0.0023   -5.4e-20  -0.0024    1       
   0.28      0.83     -0.48     -0.96      0.24     -0.14     -4.5e-08   0.5       0.87    
  -0.17     -0.59     -0.79     -0.76      0.59     -0.27      0.62      0.56     -0.55    
   0.45      0.89      0.1      -0.88      0.46     -0.088    -0.12     -0.049     0.99    
   0.9       0.41     -0.14      0.42     -0.9       0.099    -0.084    -0.15     -0.99    
  -0.59      0.8      -0.12      0.79      0.6       0.11      0.16     -0.033    -0.99    
  -0.92     -0.35     -0.14     -0.36      0.93      0.018     0.13      0.069    -0.99    

XANCHOR
   0         0         0.16    
   0         0         0.36    
  -0.17     -0.05      0.26    
  -0.35     -0.1       0.15    
  -0.37     -0.083    -0.032   
  -0.46     -0.094    -0.24    
  -0.42     -0.054    -0.32    

XAXIS
   0         0         1       
   0.28     -0.96     -4.5e-08 
  -0.83     -0.24     -0.5     
   0.36     -0.92     -0.15    
  -0.14      0.1      -0.98    
   0.84      0.54     -0.063   
  -0.13      0.083    -0.99    

GEOM_XPOS
  -0.013     7.1e-08   0.07    
  -0.01      0.032     0.28    
  -0.036    -0.054     0.33    
  -0.29     -0.054     0.2     
  -0.35     -0.13      0.079   
  -0.41     -0.09     -0.12    
  -0.4      -0.061    -0.25    
  -0.42     -0.053    -0.34    
  -0.42     -0.05     -0.37    
  -0.42     -0.049    -0.39    
  -0.42     -0.048    -0.39    
  -0.43     -0.048    -0.4     
  -0.43     -0.047    -0.41    

GEOM_XMAT
   0.078     7.2e-06   1        -2.7e-06  -1         7.4e-06   1        -3.3e-06  -0.078   
   0.27      0.96     -0.06     -0.94      0.28      0.2       0.21      0         0.98    
   0.07     -0.48     -0.87     -0.99     -0.13     -0.011    -0.1       0.87     -0.49    
  -0.13      0.43     -0.9       0.95      0.31      0.0067    0.28     -0.85     -0.45    
  -0.92      0.31      0.23     -0.37     -0.87     -0.33      0.092    -0.39      0.92    
   0.7       0.52     -0.49      0.54     -0.83     -0.11     -0.47     -0.18     -0.87    
  -0.53      0.8      -0.27      0.84      0.55     -0.012     0.14     -0.23     -0.96    
  -0.12      0.92      0.36      0.081     0.37     -0.92     -0.99     -0.085    -0.12    
  -0.13     -0.27      0.95      0.083     0.95      0.29     -0.99      0.11     -0.099   
   0.27     -0.95     -0.13     -0.95     -0.29      0.083    -0.11      0.099    -0.99    
  -0.13     -0.27      0.95      0.083     0.95      0.29     -0.99      0.11     -0.099   
  -0.13      0.27     -0.95      0.083    -0.95     -0.29     -0.99     -0.11      0.099   
   0.27     -0.95     -0.13     -0.95     -0.29      0.083    -0.11      0.099    -0.99    

SUBTREE_COM
  -0.21     -0.056     0.064   
  -0.21     -0.056     0.064   
  -0.26     -0.069     0.042   
  -0.37     -0.083    -0.055   
  -0.39     -0.09     -0.12    
  -0.41     -0.077    -0.19    
  -0.45     -0.088    -0.26    
  -0.42     -0.051    -0.36    

CDOF
   0         0         1         0.056    -0.21      0       
   0.28     -0.96     -4.5e-08   0.28      0.083    -0.22    
  -0.83     -0.24     -0.5       0.044    -0.14     -0.0053  
   0.36     -0.92     -0.15      0.086     0.011     0.14    
  -0.14      0.1      -0.98      0.037    -0.15     -0.02    
   0.84      0.54     -0.063     0.17     -0.27     -0.099   
  -0.13      0.083    -0.99      0.03     -0.15     -0.016   

CINERT
   0         0         0         0         0         0         0         0         0         0       
   0.052     0.22      0.19     -0.047    -0.079    -0.021     0.84      0.22      0.37      3.9     
   0.27      0.56      0.29     -0.027    -0.28     -0.026     1.1       0.11      1.1       4.5     
   0.045     0.059     0.016     0.00015   0.024    -0.0011   -0.18      0.006     0.33      2.5     
   0.054     0.093     0.071    -0.029     0.0018    0.0063   -0.35     -0.18      0.039     2.6     
   0.1       0.18      0.082    -0.0041   -0.091    -0.0044   -0.53     -0.027    -0.59      3.4     
   0.32      0.52      0.2      -0.031    -0.25     -0.038    -0.82     -0.13     -1         3.4     
   0.1       0.12      0.026     0.0015   -0.046     0.00094  -0.11      0.0023   -0.22      0.52    

CRB
   0         0         0         0         0         0         0         0         0         0       
   0.95      1.8       0.88     -0.14     -0.72     -0.083     1.1e-16  -8.3e-17  -2.2e-16   21      
   0.9       1.5       0.69     -0.089    -0.64     -0.063    -0.84     -0.22     -0.37      17      
   0.63      0.98      0.4      -0.062    -0.36     -0.036    -2        -0.33     -1.5       12      
   0.58      0.92      0.38     -0.062    -0.39     -0.035    -1.8      -0.33     -1.8       9.9     
   0.53      0.82      0.31     -0.033    -0.39     -0.041    -1.5      -0.15     -1.8       7.3     
   0.42      0.64      0.23     -0.029    -0.3      -0.037    -0.93     -0.12     -1.3       3.9     
   0.1       0.12      0.026     0.0015   -0.046     0.00094  -0.11      0.0023   -0.22      0.52    

QM
   1.9      -0.16      0.86     -0.23     -0.068    -0.024    -0.0035  
  -0.16      4.4       0.19      1.7      -0.036    -0.019    -0.0007  
   0.86      0.19      0.6      -0.014    -0.04     -0.036     0.0018  
  -0.23      1.7      -0.014     1        -0.012    -0.0079   -0.00018 
  -0.068    -0.036    -0.04     -0.012     0.018     0.00032   0.0035  
  -0.024    -0.019    -0.036    -0.0079    0.00032   0.021     0.00036 
  -0.0035   -0.0007    0.0018   -0.00018   0.0035    0.00036   0.0035  

QLD
   0.58     -0.059     1.5      -0.3      -4.4      -1.1      -0.99    
  -0.059     1.5       0.39      1.7      -2.4      -0.94     -0.2     
   1.5       0.39      0.41     -0.063    -2.9      -1.7       0.51    
  -0.3       1.7      -0.063     0.99     -0.83     -0.38     -0.051   
  -4.4      -2.4      -2.9      -0.83      0.014    -0.0021    1       
  -1.1      -0.94     -1.7      -0.38     -0.0021    0.021     0.1     
  -0.99     -0.2       0.51     -0.051     1         0.1       0.0035  

QLDIAGINV
   1.7     
   0.65    
   2.4     
   1       
   69      
   49      
   2.8e+02 

QLDIAGSQRTINV
   1.3     
   0.81    
   1.6     
   1       
   8.3     
   7       
   17      

D_rownnz              7 7 7 7 7 7 7

D_rowadr              0 7 14 21 28 35 42

D_colind              0 1 2 3 4 5 6 0 1 2 3 4 5 6 0 1 2 3 4 5 6 0 1 2 3 4 5 6 0 1 2 3 4 5 6 0 1 2 3 4 5 6 0 1 2 3 4 5 6

B_rownnz              7 7 7 7 7 7 7 7

B_rowadr              0 7 14 21 28 35 42 49

B_colind              0 1 2 3 4 5 6 0 1 2 3 4 5 6 0 1 2 3 4 5 6 0 1 2 3 4 5 6 0 1 2 3 4 5 6 0 1 2 3 4 5 6 0 1 2 3 4 5 6 0 1 2 3 4 5 6

QDERIV
   0         0         0         0         0         0         0       
   0         0         0         0         0         0         0       
   0         0         0         0         0         0         0       
   0         0         0         0         0         0         0       
   0         0         0         0         0         0         0       
   0         0         0         0         0         0         0       
   0         0         0         0         0         0         0       

QLU
   0         0         0         0         0         0         0       
   0         0         0         0         0         0         0       
   0         0         0         0         0         0         0       
   0         0         0         0         0         0         0       
   0         0         0         0         0         0         0       
   0         0         0         0         0         0         0       
   0         0         0         0         0         0         0       

CONTACT
EFC_TYPE
  3
  3

EFC_ID
  1
  2

EFC_J
   0        -1         0         0         0         0         0       
   0         0        -1         0         0         0         0       

EFC_POS
  -0.0012  
  -0.0044  

EFC_MARGIN
   0       
   0       

EFC_FRICTIONLOSS
   0       
   0       

EFC_DIAGAPPROX
   1.5     
   99      

EFC_KBIP
   2.8e+03   1.1e+02   0.95      0       
   2.8e+03   1.1e+02   0.95      0       

EFC_D
   13      
   0.19    

EFC_R
   0.077   
   5.2     

CVEL
   0         0         0         0         0         0       
   0         0         0.2       0.011    -0.043     0       
  -8.3e-05   0.00029   0.2       0.011    -0.043     6.6e-05 
   0.0022    0.00096   0.2       0.011    -0.043     8e-05   
  -0.04      0.11      0.22      0.001    -0.044    -0.017   
  -0.69      0.58     -4.3       0.17     -0.72     -0.11    
  -0.99      0.38     -4.3       0.11     -0.62     -0.074   
  -1.3       0.55     -6.3       0.17     -0.92     -0.11    

CDOF_DOT
   0         0         0         0         0         0       
   0.19      0.057    -0        -0.017     0.058     0.0012  
   0.049    -0.17      0.00026   0.05      0.014    -0.039   
   0.19      0.073    -0.0024    0.0043    0.019     0.005   
  -0.13     -0.07      0.011     0.075     0.011    -0.0043  
   2.3      -3.7      -0.86     -1.1      -0.87      0.78    
  -0.024    -0.43     -0.033    -0.036    -0.031     0.068   

QFRC_BIAS
  -0.36    
  -43      
  -2.8     
  -2.6     
   0.21    
   0.11    
   0.00025 

QFRC_SPRING
   0       
   0       
   0       
   0       
   0       
   0       
   0       

QFRC_DAMPER
   0       
   0       
   0       
   0       
   0       
   0       
   0       

QFRC_GRAVCOMP
   0       
   0       
   0       
   0       
   0       
   0       
   0       

QFRC_FLUID
   0       
   0       
   0       
   0       
   0       
   0       
   0       

QFRC_PASSIVE
   0       
   0       
   0       
   0       
   0       
   0       
   0       

EFC_VEL
   0.0003  
   0.0028  

EFC_AREF
   3       
   11      

SUBTREE_LINVEL
   0         0         0       
   0         0         0       
   0         0         0       
   0         0         0       
   0         0         0       
   0         0         0       
   0         0         0       
   0         0         0       

SUBTREE_ANGMOM
   0         0         0       
   0         0         0       
   0         0         0       
   0         0         0       
   0         0         0       
   0         0         0       
   0         0         0       
   0         0         0       

QFRC_ACTUATOR
   0       
   0       
   0       
   0       
   0       
   0       
   0       

QFRC_SMOOTH
   0.36    
   43      
   2.8     
   2.6     
  -0.21    
  -0.11    
  -0.00025 

QACC_SMOOTH
  -1.7     
   25      
  -1.8     
  -40      
   0.017   
  -2.3     
   2.2     

EFC_B
  -28      
  -9.4     

EFC_FORCE
   39      
   2.2     

EFC_STATE
  1
  1

QFRC_CONSTRAINT
   0       
  -39      
  -2.2     
   0       
   0       
   0       
   0       

QFRC_INVERSE
   0       
   0       
   0       
   0       
   0       
   0       
   0       

CACC
   0         0         0         0         0         0       
   0         0         0         0         0         0       
   0         0         0         0         0         0       
   0         0         0         0         0         0       
   0         0         0         0         0         0       
   0         0         0         0         0         0       
   0         0         0         0         0         0       
   0         0         0         0         0         0       

CFRC_INT
   0         0         0         0         0         0       
   0         0         0         0         0         0       
   0         0         0         0         0         0       
   0         0         0         0         0         0       
   0         0         0         0         0         0       
   0         0         0         0         0         0       
   0         0         0         0         0         0       
   0         0         0         0         0         0       

CFRC_EXT
   0         0         0         0         0         0       
   0         0         0         0         0         0       
   0         0         0         0         0         0       
   0         0         0         0         0         0       
   0         0         0         0         0         0       
   0         0         0         0         0         0       
   0         0         0         0         0         0       
   0         0         0         0         0         0       

